              precision    recall  f1-score   support

           0       0.90      0.95      0.92        19
           1       0.90      0.82      0.86        11
           2       0.71      0.79      0.75        19
           3       1.00      0.38      0.55         8
           4       0.73      0.53      0.62        15
           5       0.55      0.85      0.67        13
           6       0.38      0.32      0.34        19
           7       1.00      0.95      0.97        19
           8       0.71      0.79      0.75        19
           9       0.72      0.68      0.70        19
          10       0.88      0.88      0.88         8
          11       0.65      0.68      0.67        19
          12       0.88      0.88      0.88         8
          13       0.82      0.74      0.78        19
          14       0.74      0.74      0.74        19
          15       0.67      0.63      0.65        19
          16       0.95      1.00      0.97        19
          17       0.95      1.00      0.97        19
          18       1.00      1.00      1.00        19
          19       0.95      0.95      0.95        19
          20       0.90      0.95      0.92        19
          21       1.00      1.00      1.00        12
          22       0.90      0.95      0.92        19
          23       0.95      0.95      0.95        19
          24       0.00      0.00      0.00        19
          25       0.80      0.84      0.82        19
          26       0.94      1.00      0.97        16
          27       1.00      0.89      0.94        19
          28       0.80      0.63      0.71        19
          29       0.54      0.58      0.56        12
          30       0.58      0.74      0.65        19
          31       0.00      0.00      0.00         3
          32       0.20      0.14      0.17        14
          33       0.55      0.67      0.60         9
          34       0.50      0.43      0.46         7
          35       0.73      0.84      0.78        19
          36       0.79      0.79      0.79        19
          37       0.88      0.79      0.83        19
          38       0.80      0.67      0.73        18
          39       0.78      0.74      0.76        19
          40       0.86      0.86      0.86         7
          41       0.65      0.58      0.61        19
          42       0.94      0.89      0.92        19
          43       0.63      0.63      0.63        19
          44       0.42      0.53      0.47        19
          45       0.82      0.74      0.78        19
          46       0.81      0.89      0.85        19
          47       0.95      0.95      0.95        19
          48       0.63      0.89      0.74        19
          49       0.37      0.37      0.37        19
          50       0.75      0.86      0.80        14
          51       0.95      0.95      0.95        19
          52       0.68      0.79      0.73        19
          53       0.80      0.63      0.71        19
          54       0.90      0.90      0.90        10
          55       0.95      0.95      0.95        19
          56       0.75      0.83      0.79        18
          57       0.67      0.63      0.65        19
          58       0.62      0.68      0.65        19
          59       0.79      0.79      0.79        19
          60       1.00      1.00      1.00        18
          61       0.86      0.95      0.90        19
          62       0.95      0.95      0.95        19
          63       0.72      0.68      0.70        19

    accuracy                           0.77      1076
   macro avg       0.75      0.75      0.75      1076
weighted avg       0.76      0.77      0.76      1076
